10 2
11 1
12 3
13 0
14 0
15 0
16 0
17 0
18 0
19 0
20 0
21 0
22 0
23 0
24 0
25 0
26 0
27 0
28 1
29 0
30 0
31 0
32 0
33 1
34 1
35 0
36 1
37 0
38 1
39 1
40 11
41 0
42 1
43 1
44 1
45 1
46 1
47 1
48 2
49 7
50 1
51 2
52 2
53 2
54 1
55 2
56 2
57 6
58 2
59 2
60 2
61 3
62 2
63 2
64 4
65 3
66 3
67 4
68 4
69 4
70 4
71 13
72 11
73 5
74 5
75 5
76 5
77 5
78 5
79 14
80 6
81 7
82 20
83 13
84 7
85 7
86 7
87 14
88 7
89 9
90 14
91 18
92 9
93 10
94 31
95 10
96 11
97 28
98 12
99 28
100 13
101 12
102 30
103 21
104 29
105 15
106 30
107 15
108 33
109 18
110 33
111 19
112 34
113 40
114 21
115 31
116 31
117 29
118 40
119 40
120 25
121 40
122 42
123 46
124 52
125 34
126 24
127 27
128 29
129 24
130 32
131 26
132 30
133 33
134 29
135 30
136 31
137 37
138 34
139 36
140 37
141 39
142 40
143 40
144 42
145 43
146 42
147 48
148 45
149 49
150 48
151 53
152 55
153 63
154 55
155 59
156 58
157 54
158 59
159 52
160 65
161 59
162 73
163 60
164 77
165 61
166 80
167 69
168 81
169 78
170 86
171 94
172 87
173 92
174 77
175 100
176 94
177 97
178 102
179 86
180 107
181 112
182 111
183 118
184 119
185 119
186 124
187 146
188 112
189 128
190 138
191 108
192 134
193 136
194 144
195 125
196 141
197 145
198 149
199 122
200 154
201 159
202 167
203 170
204 137
205 172
206 175
207 171
208 185
209 170
210 160
211 150
212 178
213 193
214 190
215 200
216 218
217 211
218 219
219 218
220 239
221 219
222 244
223 223
224 249
225 233
226 239
227 247
228 266
229 246
230 255
231 256
232 251
233 248
234 218
235 218
236 231
237 251
238 309
239 284
240 288
241 236
242 268
243 287
244 305
245 311
246 246
247 282
248 316
249 299
250 282
251 318
252 345
253 294
254 323
255 345
256 298
257 340
258 325
259 327
260 366
261 310
262 379
263 336
264 340
265 390
266 344
267 410
268 365
269 429
270 357
271 386
272 399
273 365
274 408
275 358
276 443
277 388
278 403
279 446
280 397
281 423
282 453
283 411
284 427
285 485
286 453
287 413
288 448
289 495
290 463
291 442
292 459
293 469
294 532
295 527
296 504
297 491
298 468
299 482
300 481
301 503
302 496
303 531
304 515
305 544
306 519
307 540
308 519
309 543
310 531
311 561
312 551
313 555
314 598
315 638
316 569
317 597
318 573
319 616
320 637
321 627
322 589
323 636
324 650
325 594
326 621
327 720
328 611
329 661
330 678
331 618
332 676
333 663
334 674
335 698
336 696
337 743
338 687
339 722
340 700
341 694
342 738
343 698
344 770
345 716
346 721
347 770
348 731
349 763
350 788
351 756
352 759
353 859
354 805
355 783
356 772
357 783
358 872
359 844
360 866
361 860
362 838
363 839
364 847
365 835
366 863
367 874
368 846
369 859
370 866
371 884
372 911
373 943
374 970
375 994
376 957
377 941
378 923
379 965
380 1021
381 968
382 965
383 1106
384 1063
385 1020
386 1021
387 1035
388 1021
389 1071
390 1039
391 1037
392 1055
393 1067
394 1080
395 1083
396 1112
397 1150
398 1084
399 1221
400 1119
401 1102
402 1147
403 1142
404 1122
405 1172
406 1181
407 1163
408 1127
409 1227
410 1230
411 1210
412 1175
413 1167
414 1170
415 1181
416 1199
417 1214
418 1247
419 1284
420 1281
421 1256
422 1241
423 1235
424 1268
425 1280
426 1342
427 1338
428 1357
429 1314
430 1328
431 1393
432 1323
433 1321
434 1404
435 1344
436 1376
437 1476
438 1374
439 1454
440 1390
441 1454
442 1413
443 1511
444 1456
445 1519
446 1604
447 1534
448 1620
449 1589
450 1556
451 1645
452 1630
453 1616
454 1563
455 1701
456 1683
457 1663
458 1638
459 1623
460 1620
461 1705
462 1807
463 1784
464 1784
465 1798
466 1822
467 1820
468 1827
469 1841
470 1872
471 1880
472 1803
473 1753
474 1749
475 1785
476 1850
477 1874
478 1919
479 1879
480 1972
481 1940
482 1927
483 2025
484 2011
485 1992
486 1938
487 1980
488 2072
489 2045
490 2030
491 1986
492 1974
493 2021
494 2069
495 2210
496 2233
497 2228
498 2229
499 2202
500 2232
501 2266
502 2281
503 2331
504 2226
505 2140
506 2159
507 2172
508 2238
509 2336
510 2282
511 2232
512 2303
513 2435
514 2429
515 2470
516 2421
517 2332
518 2318
519 2720
520 2335
521 2366
522 2403
523 2384
524 2430
525 2401
526 2413
527 2395
528 2454
529 2371
530 2508
531 2545
532 2506
533 2522
534 2526
535 2501
536 2630
537 2795
538 2798
539 2881
540 2819
541 2772
542 2913
543 2801
544 2820
545 2825
546 2919
547 2843
548 2773
549 2716
550 2838
551 3018
552 2840
553 2820
554 2985
555 2886
556 2854
557 3042
558 2927
559 2935
560 2991
561 2921
562 3001
563 3077
564 3005
565 3224
566 3265
567 3295
568 3254
569 3255
570 3263
571 3279
572 3328
573 3301
574 3304
575 3365
576 3415
577 3451
578 3507
579 3397
580 3304
581 3265
582 3249
583 3352
584 3288
585 3463
586 3461
587 3358
588 3352
589 3404
590 3542
591 3549
592 3677
593 3796
594 3573
595 3488
596 3581
597 3482
598 3491
599 3681
600 3643
601 3965
602 3931
603 3879
604 3862
605 3837
606 3858
607 3787
608 3778
609 3849
610 3740
611 3908
612 3773
613 3789
614 3930
615 4152
616 4232
617 4035
618 3921
619 3927
620 4104
621 4359
622 4062
623 4034
624 4143
625 4325
626 4098
627 4103
628 4203
629 4168
630 4353
631 4396
632 4349
633 4366
634 4299
635 4331
636 4500
637 4489
638 4636
639 4758
640 4591
641 4419
642 5052
643 5918
644 5855
645 4717
646 4493
647 4455
648 4700
649 4901
650 4556
651 4578
652 5086
653 6783
654 6106
655 5079
656 5253
657 5307
658 4975
659 5092
660 5281
661 5493
662 5064
663 5118
664 5203
665 5308
666 5060
667 4929
668 4969
669 5024
670 4958
671 5084
672 5345
673 5164
674 5485
675 5676
676 5624
677 5667
678 5379
679 6772
680 6427
681 6028
682 5978
683 5988
684 6175
685 6539
686 6160
687 6042
688 5968
689 6114
690 7217
691 6648
692 5764
693 5633
694 5595
695 6065
696 5850
697 6218
698 6218
699 6316
700 6117
701 6848
702 6455
703 6225
704 6432
705 6156
706 6014
707 5966
708 6257
709 6225
710 6227
711 6664
712 7312
713 8106
714 7256
715 6684
716 6956
717 6278
718 6337
719 6527
720 6432
721 6641
722 6766
723 7343
724 7106
725 7321
726 6735
727 6576
728 6757
729 7234
730 6644
731 6860
732 7424
733 6614
734 7109
735 7209
736 7773
737 6694
738 7146
739 8207
740 7319
741 7017
742 7238
743 7557
744 7692
745 7416
746 7513
747 7308
748 7273
749 7462
750 7204
751 7595
752 7627
753 7851
754 7903
755 7603
756 7243
757 7347
758 7386
759 7797
760 7588
761 7379
762 8335
763 7953
764 8156
765 9468
766 8181
767 8135
768 8317
769 8125
770 7881
771 9676
772 8431
773 8181
774 8062
775 8205
776 8273
777 8552
778 8205
779 8145
780 8632
781 8505
782 8292
783 8551
784 8552
785 8744
786 8773
787 8405
788 8160
789 8361
790 8988
791 8864
792 9238
793 9249
794 8792
795 9155
796 8946
797 9438
798 9480
799 9894
800 8974
801 8656
802 10358
803 10818
804 10144
805 10489
806 9581
807 9918
808 9298
809 9561
810 9379
811 9672
812 9936
813 9421
814 10158
815 10023
816 9881
817 10461
818 10373
819 10359
820 10443
821 10231
822 10145
823 10297
824 9618
825 10308
826 10506
827 10733
828 10078
829 10860
830 10885
831 10203
832 10319
833 13705
834 11672
835 12883
