10 1
11 0
12 1
13 0
14 0
15 0
16 0
17 0
18 0
19 0
20 0
21 1
22 0
23 0
24 0
25 0
26 0
27 0
28 0
29 0
30 0
31 0
32 1
33 1
34 0
35 0
36 0
37 0
38 0
39 4
40 6
41 1
42 1
43 0
44 1
45 1
46 1
47 1
48 1
49 1
50 1
51 1
52 2
53 1
54 2
55 3
56 17
57 2
58 3
59 3
60 3
61 3
62 3
63 2
64 3
65 13
66 3
67 3
68 3
69 4
70 10
71 4
72 15
73 4
74 5
75 5
76 4
77 6
78 16
79 6
80 6
81 11
82 8
83 17
84 6
85 8
86 14
87 18
88 8
89 14
90 21
91 9
92 9
93 24
94 11
95 10
96 23
97 12
98 30
99 13
100 13
101 29
102 15
103 38
104 14
105 36
106 29
107 19
108 20
109 18
110 18
111 33
112 36
113 30
114 26
115 42
116 40
117 35
118 41
119 45
120 49
121 48
122 48
123 53
124 52
125 49
126 38
127 50
128 36
129 33
130 33
131 32
132 36
133 42
134 59
135 50
136 41
137 34
138 43
139 35
140 39
141 44
142 45
143 49
144 49
145 50
146 69
147 58
148 60
149 53
150 54
151 67
152 57
153 58
154 62
155 66
156 60
157 66
158 71
159 56
160 68
161 60
162 70
163 68
164 96
165 92
166 94
167 86
168 85
169 104
170 107
171 93
172 94
173 91
174 82
175 110
176 120
177 119
178 118
179 96
180 117
181 125
182 102
183 132
184 134
185 143
186 173
187 155
188 113
189 139
190 139
191 123
192 152
193 159
194 149
195 126
196 160
197 156
198 166
199 130
200 256
201 218
202 233
203 214
204 224
205 255
206 193
207 198
208 191
209 191
210 168
211 155
212 172
213 313
214 290
215 217
216 210
217 221
218 221
219 220
220 279
221 235
222 227
223 246
224 240
225 268
226 254
227 244
228 325
229 301
230 376
231 321
232 326
233 331
234 271
235 390
236 250
237 366
238 404
239 305
240 316
241 266
242 321
243 316
244 420
245 337
246 335
247 417
248 451
249 319
250 361
251 367
252 338
253 284
254 347
255 362
256 325
257 369
258 329
259 363
260 393
261 385
262 420
263 335
264 522
265 354
266 376
267 375
268 411
269 390
270 402
271 363
272 415
273 363
274 468
275 386
276 461
277 420
278 396
279 467
280 422
281 406
282 483
283 440
284 418
285 494
286 465
287 446
288 428
289 551
290 520
291 505
292 455
293 455
294 576
295 596
296 517
297 516
298 500
299 495
300 476
301 485
302 500
303 521
304 554
305 572
306 554
307 532
308 560
309 544
310 572
311 563
312 597
313 629
314 651
315 722
316 732
317 693
318 642
319 608
320 656
321 671
322 675
323 676
324 738
325 707
326 634
327 672
328 675
329 667
330 688
331 677
332 698
333 735
334 684
335 731
336 710
337 762
338 764
339 751
340 701
341 789
342 707
343 753
344 745
345 735
346 856
347 1012
348 780
349 821
350 773
351 792
352 828
353 842
354 807
355 810
356 808
357 905
358 866
359 853
360 881
361 901
362 859
363 865
364 882
365 871
366 876
367 875
368 881
369 897
370 959
371 920
372 1005
373 967
374 984
375 1052
376 1034
377 998
378 951
379 973
380 1085
381 1118
382 983
383 1008
384 1109
385 1024
386 1024
387 1112
388 1026
389 1039
390 1058
391 1041
392 1104
393 1043
394 1090
395 1057
396 1086
397 1040
398 1115
399 1087
400 1117
401 1121
402 1112
403 1124
404 1173
405 1178
406 1126
407 1178
408 1134
409 1165
410 1248
411 1163
412 1162
413 1204
414 1258
415 1293
416 1299
417 1204
418 1212
419 1247
420 1242
421 1249
422 1291
423 1314
424 1381
425 1335
426 1311
427 1335
428 1301
429 1308
430 1333
431 1404
432 1312
433 1413
434 1400
435 1337
436 1407
437 1466
438 1444
439 1473
440 1455
441 1495
442 1415
443 1466
444 1479
445 1638
446 1482
447 1515
448 1616
449 1504
450 1651
451 1775
452 1834
453 1777
454 1745
455 2725
456 2090
457 1740
458 1677
459 1633
460 2083
461 2602
462 2129
463 2216
464 2235
465 1728
466 1727
467 1712
468 1730
469 1753
470 1769
471 1764
472 1734
473 1848
474 1907
475 1840
476 1776
477 1890
478 2288
479 2142
480 1991
481 2023
482 2631
483 2174
484 2136
485 2054
486 2400
487 2043
488 2051
489 3058
490 2061
491 2066
492 2226
493 2100
494 2026
495 2089
496 2021
497 2049
498 2211
499 2103
500 2132
501 2237
502 2144
503 2118
504 2200
505 2316
506 2248
507 2169
508 2249
509 2213
510 2378
511 2401
512 2335
513 2287
514 2331
515 2312
516 2306
517 2353
518 2550
519 2377
520 2381
521 2395
522 2417
523 2495
524 2673
525 2566
526 2493
527 2493
528 2645
529 2578
530 2486
531 2437
532 2467
533 2593
534 2607
535 2654
536 2588
537 2569
538 2632
539 2626
540 2684
541 2616
542 2645
543 2578
544 2790
545 2681
546 2741
547 2853
548 2938
549 2963
550 2993
551 3030
552 3118
553 2960
554 3000
555 3016
556 3078
557 3052
558 3003
559 2889
560 3040
561 2944
562 2995
563 2913
564 3113
565 3107
566 3030
567 3070
568 3341
569 3212
570 3206
571 3683
572 3159
573 3210
574 3125
575 3161
576 3240
577 3293
578 3383
579 3267
580 3183
581 3226
582 3284
583 3232
584 3290
585 3331
586 3523
587 3506
588 3377
589 3359
590 3468
591 3663
592 3622
593 3525
594 3509
595 3537
596 3729
597 3767
598 3625
599 3625
600 3743
601 3738
602 3982
603 4149
604 4268
605 4051
606 4111
607 4393
608 3764
609 3848
610 4146
611 3979
612 3983
613 3980
614 3883
615 3907
616 3993
617 4409
618 4445
619 4437
620 4931
621 4460
622 4483
623 4839
624 4630
625 4113
626 4558
627 4639
628 4226
629 4212
630 4404
631 4270
632 4399
633 4469
634 4395
635 4175
636 4376
637 4606
638 4840
639 4219
640 4587
641 4689
642 4610
643 4609
644 4734
645 4618
646 4516
647 5015
648 4594
649 5189
650 4846
651 4687
652 4690
653 5257
654 5461
655 5028
656 5140
657 5011
658 4805
659 4992
660 5474
661 4923
662 4919
663 5210
664 6531
665 7427
666 5783
667 5762
668 5246
669 5105
670 5293
671 5327
672 5154
673 5447
674 5272
675 5334
676 5648
677 5337
678 5654
679 5359
680 5586
681 5438
682 5911
683 5862
684 5908
685 6518
686 5828
687 7260
688 9728
689 6534
690 6632
691 6222
692 6830
693 6459
694 6514
695 6336
696 6396
697 6328
698 5976
699 6787
700 6379
701 6769
702 6983
703 6158
704 7042
705 6645
706 6312
707 6235
708 7981
709 7483
710 8164
711 8624
712 6594
713 6481
714 6646
715 6733
716 6389
717 6547
718 6713
719 7592
720 6629
721 6298
722 6250
723 6925
724 7886
725 7220
726 6911
727 6489
728 6516
729 7946
730 7103
731 6921
732 9244
733 7624
734 9008
735 7955
736 11024
737 7001
738 7220
739 7199
740 6985
741 8288
742 10148
743 8574
744 7377
745 8028
746 7428
747 7556
748 7692
749 7985
750 7964
751 8283
752 7842
753 7394
754 7745
755 9398
756 12199
757 13016
758 10293
759 8276
760 7981
761 7918
762 8358
763 7885
764 7714
765 7945
766 8421
767 7982
768 8106
769 8447
770 8010
771 8229
772 7935
773 7897
774 8064
775 8187
776 7909
777 9133
778 8964
779 8998
780 9012
781 10850
782 8011
783 8316
784 8955
785 8687
786 7947
787 8076
788 8540
789 8486
790 8187
791 8218
792 8138
793 8386
794 8593
795 9060
796 8514
797 8736
798 8407
